99182534
99182535
99182538
99492292
99813851
99813855
99813860
99813863
99813865
99813871
99813875
99813880
99813883
99813887
99813892
99813898
99813899
99813904
99837985
100261064
100472089
100747022
101048616
101191891
101191895
101191904
101191908
101191922
101191924
101191927
101191936
101191937
101191949
101191950
101191958
101191964
101191968
101191977
101191981
101191989
101191994
101192001
101192007
101192012
101192018
101346143
101647244
101933848
102209173
102498492
102815747
103113293
103309364
103309373
103309376
103309386
103309392
103309400
103309406
103309407
103309417
103309418
103309429
103309434
103309435
103309447
103309452
103309458
103309462
103309469
103309475
103309483
103309488
103309490
103383391
103682699
103919527
104211377
104483099
104752890
105034554
105302651
105302653
105302658
105302667
105302672
105302677
105302686
105302690
105302695
105302698
105302707
105302717
105302720
105302726
105302734
105302739
105302744
105302751
105302756
105302763
105302768
105302776
105791647
106041107
106289038
106535447
106787148
107050817
107171640
107171650
107171652
107171659
107171663
107171673
107171674
107171686
107171687
107171696
107171701
107171709
107171714
107171717
107171727
107171731
107171739
107171741
107171750
107171753
107171761
107171767
107305879
107796926
108042508
108918650
108994111
108994128
108994129
108994130
108994136
108994142
108994147
108994154
108994157
108994165
108994174
108994176
108994184
108994185
108994196
108994197
108994208
108994209
108994220
108994223
108994231
108994234
109151078
109442984
109721649
109971783
110195398
110447791
110715679
110800815
110800819
110800821
110800824
110800834
110800837
110800847
110800848
110800858
110800861
110800871
110800879
110800880
110800888
110800890
110800900
110961345
111172354
111406518
111648264
111889010